10 1 16384 10270 0.6268310546875
11 1 16384 6367 0.38861083984375
12 1 16384 3626 0.2213134765625
13 1 16384 1902 0.1160888671875
14 1 16384 992 0.060546875
15 1 16384 524 0.031982421875
16 1 16384 273 0.01666259765625
17 1 16384 142 0.0086669921875
18 1 16384 155 0.00946044921875
19 1 16384 136 0.00830078125
20 1 16384 152 0.00927734375


10 2 16384 11972 0.730712890625
11 2 16384 6430 0.3924560546875
12 2 16384 2469 0.15069580078125
13 2 16384 762 0.0465087890625
14 2 16384 208 0.0126953125
15 2 16384 62 0.0037841796875
16 2 16384 14 0.0008544921875
17 2 16384 8 0.00048828125
18 2 16384 5 0.00030517578125
19 2 16384 6 0.0003662109375
20 2 16384 5 0.00030517578125


10 3 16384 13896 0.84814453125
11 3 16384 7483 0.45672607421875
12 3 16384 2305 0.14068603515625
13 3 16384 460 0.028076171875
14 3 16384 74 0.0045166015625
15 3 16384 7 0.00042724609375
16 3 16384 7 0.00042724609375
17 3 16384 3 0.00018310546875
18 3 16384 3 0.00018310546875
19 3 16384 4 0.000244140625
20 3 16384 1 6.103515625e-05


10 4 16384 14837 0.90557861328125
11 4 16384 9083 0.55438232421875
12 4 16383 2461 0.1502166880302753
13 4 16384 361 0.02203369140625
14 4 16384 40 0.00244140625
15 4 16383 7 0.0004272721723738021
16 4 16383 2 0.00012207776353537203
17 4 16384 4 0.000244140625
18 4 16384 4 0.000244140625
19 4 16384 1 6.103515625e-05
20 4 16384 3 0.00018310546875


10 5 16384 15737 0.96051025390625
11 5 16384 10635 0.64910888671875
12 5 16384 2934 0.1790771484375
13 5 16384 349 0.02130126953125
14 5 16384 21 0.00128173828125
15 5 16384 1 6.103515625e-05
16 5 16384 2 0.0001220703125
17 5 16384 1 6.103515625e-05
18 5 16384 1 6.103515625e-05
19 5 16384 1 6.103515625e-05
20 5 16384 3 0.00018310546875


10 6 16384 16201 0.98883056640625
11 6 16384 11911 0.72698974609375
12 6 16384 3462 0.2113037109375
13 6 16384 344 0.02099609375
14 6 16382 13 0.0007935539006226346
15 6 16384 4 0.000244140625
16 6 16384 3 0.00018310546875
17 6 16384 1 6.103515625e-05
18 6 16384 3 0.00018310546875
19 6 16384 3 0.00018310546875
20 6 16384 0 0.0


10 7 16384 16250 0.9918212890625
11 7 16384 13613 0.83087158203125
12 7 16384 4187 0.25555419921875
13 7 16384 342 0.0208740234375
14 7 16384 18 0.0010986328125
15 7 16384 1 6.103515625e-05
16 7 16384 1 6.103515625e-05
17 7 16384 2 0.0001220703125
18 7 16383 1 6.103888176768602e-05
19 7 16384 2 0.0001220703125
20 7 16384 2 0.0001220703125


10 8 16384 16255 0.99212646484375
11 8 16384 14544 0.8876953125
12 8 16384 4925 0.30059814453125
13 8 16384 372 0.022705078125
14 8 16384 12 0.000732421875
15 8 16384 1 6.103515625e-05
16 8 16384 1 6.103515625e-05
17 8 16383 3 0.00018311664530305805
18 8 16384 6 0.0003662109375
19 8 16384 4 0.000244140625
20 8 16384 0 0.0


